n	REAL(eigenstate[n])	IMAG(eigenstate[n])
0	-0.000010	-0.000008
1	-0.000012	-0.000016
2	-0.000019	-0.000022
3	-0.000026	-0.000027
4	-0.000025	-0.000029
5	-0.000021	-0.000026
6	-0.000018	-0.000018
7	-0.000015	-0.000008
8	-0.000014	-0.000002
9	-0.000012	0.000000
10	-0.000012	-0.000003
11	-0.000005	-0.000008
12	-0.000005	-0.000013
13	-0.000005	-0.000017
14	-0.000001	-0.000019
15	0.000003	-0.000023
16	0.000003	-0.000031
17	-0.000004	-0.000041
18	-0.000009	-0.000039
19	-0.000008	-0.000036
20	-0.000008	-0.000026
21	-0.000010	-0.000017
22	-0.000003	-0.000012
23	-0.000003	-0.000008
24	-0.000007	-0.000004
25	-0.000010	0.000001
26	-0.000010	0.000010
27	-0.000010	0.000016
28	-0.000015	0.000020
29	-0.000024	0.000019
30	-0.000032	0.000022
31	-0.000043	0.000020
32	-0.000058	0.000015
33	-0.000063	0.000006
34	-0.000069	0.000000
35	-0.000074	0.000000
36	-0.000068	0.000004
37	-0.000059	0.000007
38	-0.000045	0.000012
39	-0.000041	0.000013
40	-0.000039	0.000015
41	-0.000032	0.000023
42	-0.000027	0.000026
43	-0.000020	0.000027
44	-0.000019	0.000027
45	-0.000013	0.000035
46	-0.000003	0.000038
47	0.000005	0.000041
48	0.000010	0.000041
49	0.000009	0.000039
50	0.000008	0.000042
51	0.000002	0.000041
52	0.000000	0.000041
53	0.000002	0.000038
54	0.000000	0.000034
55	-0.000000	0.000032
56	-0.000001	0.000034
57	0.000002	0.000031
58	0.000003	0.000025
59	0.000009	0.000011
60	0.000009	0.000005
61	0.000004	0.000001
62	0.000001	-0.000003
63	-0.000009	-0.000014
64	-0.000019	-0.000018
65	-0.000021	-0.000017
66	-0.000027	-0.000011
67	-0.000036	-0.000008
68	-0.000037	0.000007
69	-0.000037	0.000020
70	-0.000027	0.000030
71	-0.000018	0.000044
72	-0.000014	0.000056
73	-0.000011	0.000060
74	-0.000006	0.000062
75	0.000000	0.000058
76	0.000013	0.000045
77	0.000027	0.000038
78	0.000037	0.000033
79	0.000045	0.000029
80	0.000052	0.000027
81	0.000063	0.000031
82	0.000068	0.000030
83	0.000068	0.000028
84	0.000068	0.000026
85	0.000061	0.000026
86	0.000056	0.000025
87	0.000055	0.000019
88	0.000051	0.000009
89	0.000040	0.000002
90	0.000031	-0.000000
91	0.000023	-0.000006
92	0.000017	-0.000017
93	0.000010	-0.000023
94	0.000004	-0.000025
95	-0.000003	-0.000025
96	-0.000014	-0.000024
97	-0.000017	-0.000021
98	-0.000012	-0.000021
99	-0.000005	-0.000012
100	0.000002	-0.000002
101	0.000006	0.000003
102	0.000009	0.000017
103	0.000009	0.000030
104	0.000011	0.000044
105	0.000012	0.000053
106	0.000009	0.000060
107	0.000008	0.000070
108	0.000008	0.000083
109	0.000002	0.000082
110	-0.000011	0.000078
111	-0.000014	0.000074
112	-0.000016	0.000072
113	-0.000013	0.000056
114	-0.000006	0.000039
115	-0.000002	0.000020
116	0.000003	0.000001
117	0.000010	-0.000009
118	0.000017	-0.000016
119	0.000024	-0.000016
120	0.000032	-0.000017
121	0.000037	-0.000019
122	0.000036	-0.000021
123	0.000034	-0.000023
124	0.000034	-0.000026
125	0.000035	-0.000022
126	0.000029	-0.000014
127	0.000021	-0.000009
128	0.000022	-0.000007
129	0.000023	-0.000003
130	0.000025	0.000001
131	0.000023	0.000007
132	0.000020	0.000017
133	0.000017	0.000027
134	0.000011	0.000045
135	0.000006	0.000057
136	-0.000002	0.000055
137	-0.000015	0.000054
138	-0.000020	0.000042
139	-0.000018	0.000040
140	-0.000018	0.000039
141	-0.000019	0.000044
142	-0.000018	0.000056
143	-0.000017	0.000067
144	-0.000009	0.000082
145	-0.000003	0.000094
146	0.000004	0.000098
147	0.000010	0.000102
148	0.000012	0.000103
149	0.000011	0.000108
150	0.000014	0.000101
151	0.000019	0.000088
152	0.000023	0.000072
153	0.000027	0.000060
154	0.000025	0.000051
155	0.000031	0.000040
156	0.000036	0.000037
157	0.000039	0.000029
158	0.000035	0.000030
159	0.000034	0.000024
160	0.000033	0.000022
161	0.000034	0.000025
162	0.000033	0.000024
163	0.000022	0.000024
164	0.000012	0.000023
165	0.000003	0.000022
166	-0.000004	0.000019
167	-0.000003	0.000021
168	-0.000002	0.000032
169	-0.000003	0.000034
170	-0.000006	0.000045
171	-0.000011	0.000051
172	-0.000009	0.000061
173	-0.000009	0.000075
174	-0.000010	0.000083
175	-0.000003	0.000087
176	0.000006	0.000090
177	0.000016	0.000092
178	0.000023	0.000089
179	0.000036	0.000085
180	0.000049	0.000079
181	0.000057	0.000075
182	0.000068	0.000074
183	0.000072	0.000077
184	0.000073	0.000071
185	0.000078	0.000067
186	0.000087	0.000065
187	0.000096	0.000065
188	0.000108	0.000065
189	0.000117	0.000066
190	0.000120	0.000072
191	0.000126	0.000075
192	0.000131	0.000077
193	0.000134	0.000078
194	0.000134	0.000077
195	0.000132	0.000086
196	0.000128	0.000097
197	0.000126	0.000104
198	0.000123	0.000111
199	0.000116	0.000113
200	0.000108	0.000111
201	0.000107	0.000113
202	0.000108	0.000120
203	0.000104	0.000129
204	0.000097	0.000135
205	0.000093	0.000144
206	0.000094	0.000148
207	0.000091	0.000152
208	0.000099	0.000161
209	0.000109	0.000163
210	0.000120	0.000161
211	0.000135	0.000167
212	0.000151	0.000175
213	0.000165	0.000180
214	0.000179	0.000182
215	0.000186	0.000188
216	0.000192	0.000194
217	0.000200	0.000195
218	0.000207	0.000199
219	0.000217	0.000198
220	0.000216	0.000198
221	0.000216	0.000203
222	0.000215	0.000204
223	0.000208	0.000206
224	0.000200	0.000216
225	0.000198	0.000226
226	0.000195	0.000240
227	0.000190	0.000258
228	0.000190	0.000268
229	0.000185	0.000278
230	0.000183	0.000276
231	0.000179	0.000274
232	0.000176	0.000279
233	0.000180	0.000294
234	0.000191	0.000306
235	0.000201	0.000320
236	0.000216	0.000333
237	0.000231	0.000344
238	0.000241	0.000359
239	0.000247	0.000379
240	0.000244	0.000390
241	0.000245	0.000399
242	0.000249	0.000409
243	0.000258	0.000410
244	0.000266	0.000410
245	0.000272	0.000411
246	0.000275	0.000418
247	0.000277	0.000424
248	0.000268	0.000426
249	0.000259	0.000432
250	0.000252	0.000442
251	0.000245	0.000453
252	0.000237	0.000467
253	0.000226	0.000476
254	0.000217	0.000482
255	0.000212	0.000493
256	0.000209	0.000509
257	0.000203	0.000519
258	0.000201	0.000536
259	0.000198	0.000546
260	0.000203	0.000545
261	0.000207	0.000541
262	0.000205	0.000539
263	0.000205	0.000546
264	0.000209	0.000560
265	0.000215	0.000579
266	0.000217	0.000598
267	0.000219	0.000614
268	0.000210	0.000637
269	0.000206	0.000658
270	0.000201	0.000682
271	0.000196	0.000713
272	0.000183	0.000742
273	0.000178	0.000765
274	0.000177	0.000792
275	0.000172	0.000816
276	0.000158	0.000840
277	0.000147	0.000863
278	0.000136	0.000883
279	0.000120	0.000907
280	0.000109	0.000925
281	0.000106	0.000938
282	0.000106	0.000950
283	0.000109	0.000965
284	0.000112	0.000980
285	0.000119	0.000996
286	0.000127	0.001015
287	0.000131	0.001039
288	0.000135	0.001059
289	0.000138	0.001078
290	0.000148	0.001091
291	0.000156	0.001114
292	0.000169	0.001135
293	0.000180	0.001160
294	0.000192	0.001188
295	0.000208	0.001208
296	0.000227	0.001221
297	0.000246	0.001233
298	0.000265	0.001250
299	0.000279	0.001272
300	0.000299	0.001295
301	0.000314	0.001319
302	0.000333	0.001350
303	0.000350	0.001388
304	0.000376	0.001432
305	0.000406	0.001478
306	0.000434	0.001521
307	0.000458	0.001561
308	0.000484	0.001604
309	0.000502	0.001646
310	0.000531	0.001685
311	0.000562	0.001732
312	0.000601	0.001776
313	0.000645	0.001820
314	0.000693	0.001860
315	0.000740	0.001899
316	0.000792	0.001935
317	0.000845	0.001973
318	0.000902	0.002020
319	0.000967	0.002081
320	0.001038	0.002142
321	0.001117	0.002208
322	0.001198	0.002269
323	0.001288	0.002333
324	0.001379	0.002404
325	0.001470	0.002471
326	0.001562	0.002547
327	0.001662	0.002627
328	0.001768	0.002703
329	0.001876	0.002783
330	0.001988	0.002864
331	0.002106	0.002949
332	0.002217	0.003037
333	0.002343	0.003126
334	0.002481	0.003222
335	0.002624	0.003318
336	0.002771	0.003422
337	0.002922	0.003529
338	0.003079	0.003642
339	0.003239	0.003759
340	0.003399	0.003886
341	0.003559	0.004012
342	0.003721	0.004146
343	0.003885	0.004279
344	0.004062	0.004415
345	0.004242	0.004558
346	0.004429	0.004718
347	0.004628	0.004877
348	0.004831	0.005039
349	0.005037	0.005207
350	0.005248	0.005390
351	0.005477	0.005578
352	0.005715	0.005774
353	0.005964	0.005974
354	0.006210	0.006176
355	0.006466	0.006392
356	0.006722	0.006601
357	0.006969	0.006810
358	0.007209	0.007029
359	0.007452	0.007255
360	0.007707	0.007479
361	0.007964	0.007707
362	0.008227	0.007931
363	0.008502	0.008168
364	0.008778	0.008411
365	0.009058	0.008657
366	0.009336	0.008912
367	0.009614	0.009166
368	0.009897	0.009423
369	0.010187	0.009684
370	0.010481	0.009956
371	0.010784	0.010231
372	0.011092	0.010513
373	0.011400	0.010804
374	0.011705	0.011109
375	0.012017	0.011424
376	0.012334	0.011745
377	0.012657	0.012072
378	0.012992	0.012408
379	0.013339	0.012744
380	0.013700	0.013084
381	0.014063	0.013429
382	0.014423	0.013782
383	0.014790	0.014149
384	0.015164	0.014523
385	0.015543	0.014910
386	0.015925	0.015302
387	0.016316	0.015697
388	0.016707	0.016096
389	0.017101	0.016507
390	0.017507	0.016921
391	0.017924	0.017343
392	0.018346	0.017772
393	0.018774	0.018203
394	0.019201	0.018644
395	0.019640	0.019096
396	0.020079	0.019553
397	0.020527	0.020017
398	0.020980	0.020486
399	0.021442	0.020960
400	0.021911	0.021441
401	0.022382	0.021936
402	0.022862	0.022438
403	0.023341	0.022940
404	0.023822	0.023450
405	0.024307	0.023959
406	0.024806	0.024483
407	0.025313	0.025019
408	0.025824	0.025550
409	0.026336	0.026075
410	0.026843	0.026603
411	0.027354	0.027136
412	0.027865	0.027674
413	0.028382	0.028213
414	0.028902	0.028755
415	0.029418	0.029298
416	0.029940	0.029838
417	0.030467	0.030378
418	0.030999	0.030915
419	0.031535	0.031447
420	0.032075	0.031991
421	0.032620	0.032531
422	0.033169	0.033075
423	0.033715	0.033618
424	0.034257	0.034167
425	0.034800	0.034720
426	0.035351	0.035280
427	0.035899	0.035834
428	0.036457	0.036396
429	0.037014	0.036954
430	0.037570	0.037510
431	0.038131	0.038073
432	0.038693	0.038638
433	0.039256	0.039195
434	0.039823	0.039750
435	0.040393	0.040313
436	0.040967	0.040879
437	0.041547	0.041438
438	0.042125	0.042004
439	0.042706	0.042567
440	0.043290	0.043140
441	0.043886	0.043715
442	0.044483	0.044297
443	0.045079	0.044878
444	0.045670	0.045460
445	0.046260	0.046040
446	0.046846	0.046615
447	0.047426	0.047186
448	0.048003	0.047752
449	0.048578	0.048331
450	0.049145	0.048903
451	0.049709	0.049477
452	0.050274	0.050041
453	0.050836	0.050601
454	0.051395	0.051158
455	0.051947	0.051698
456	0.052491	0.052233
457	0.053023	0.052758
458	0.053547	0.053279
459	0.054065	0.053785
460	0.054579	0.054281
461	0.055078	0.054762
462	0.055573	0.055229
463	0.056054	0.055682
464	0.056520	0.056124
465	0.056970	0.056557
466	0.057414	0.056986
467	0.057841	0.057400
468	0.058257	0.057799
469	0.058662	0.058183
470	0.059055	0.058563
471	0.059446	0.058935
472	0.059831	0.059292
473	0.060208	0.059635
474	0.060577	0.059968
475	0.060939	0.060297
476	0.061287	0.060619
477	0.061619	0.060937
478	0.061924	0.061247
479	0.062223	0.061550
480	0.062499	0.061840
481	0.062763	0.062118
482	0.063005	0.062385
483	0.063230	0.062641
484	0.063447	0.062883
485	0.063653	0.063107
486	0.063841	0.063307
487	0.064018	0.063487
488	0.064176	0.063641
489	0.064314	0.063781
490	0.064444	0.063905
491	0.064563	0.064017
492	0.064664	0.064114
493	0.064754	0.064197
494	0.064838	0.064263
495	0.064907	0.064320
496	0.064957	0.064362
497	0.065002	0.064394
498	0.065035	0.064410
499	0.065052	0.064407
500	0.065050	0.064397
501	0.065025	0.064373
502	0.064985	0.064325
503	0.064937	0.064272
504	0.064873	0.064211
505	0.064795	0.064134
506	0.064709	0.064043
507	0.064611	0.063938
508	0.064491	0.063820
509	0.064357	0.063696
510	0.064208	0.063559
511	0.064049	0.063406
512	0.063872	0.063235
513	0.063681	0.063048
514	0.063470	0.062847
515	0.063241	0.062632
516	0.063003	0.062400
517	0.062750	0.062150
518	0.062485	0.061879
519	0.062211	0.061602
520	0.061926	0.061325
521	0.061630	0.061039
522	0.061332	0.060746
523	0.061021	0.060441
524	0.060704	0.060122
525	0.060378	0.059793
526	0.060042	0.059452
527	0.059693	0.059105
528	0.059337	0.058754
529	0.058984	0.058387
530	0.058632	0.058011
531	0.058271	0.057628
532	0.057900	0.057242
533	0.057516	0.056850
534	0.057127	0.056456
535	0.056731	0.056053
536	0.056324	0.055642
537	0.055901	0.055221
538	0.055470	0.054788
539	0.055029	0.054334
540	0.054573	0.053868
541	0.054115	0.053391
542	0.053646	0.052908
543	0.053166	0.052424
544	0.052671	0.051932
545	0.052162	0.051429
546	0.051633	0.050912
547	0.051093	0.050387
548	0.050543	0.049853
549	0.049986	0.049313
550	0.049432	0.048769
551	0.048870	0.048217
552	0.048310	0.047666
553	0.047746	0.047105
554	0.047180	0.046536
555	0.046616	0.045965
556	0.046053	0.045397
557	0.045490	0.044831
558	0.044930	0.044266
559	0.044366	0.043705
560	0.043806	0.043145
561	0.043247	0.042590
562	0.042695	0.042037
563	0.042136	0.041484
564	0.041576	0.040926
565	0.041011	0.040373
566	0.040441	0.039821
567	0.039872	0.039258
568	0.039299	0.038700
569	0.038726	0.038141
570	0.038154	0.037582
571	0.037573	0.037016
572	0.036998	0.036453
573	0.036422	0.035892
574	0.035851	0.035330
575	0.035286	0.034771
576	0.034723	0.034207
577	0.034149	0.033643
578	0.033583	0.033089
579	0.033011	0.032534
580	0.032438	0.031984
581	0.031865	0.031432
582	0.031302	0.030870
583	0.030734	0.030310
584	0.030162	0.029752
585	0.029584	0.029191
586	0.029003	0.028636
587	0.028433	0.028077
588	0.027865	0.027525
589	0.027289	0.026980
590	0.026710	0.026445
591	0.026124	0.025908
592	0.025549	0.025373
593	0.024987	0.024843
594	0.024432	0.024326
595	0.023882	0.023810
596	0.023338	0.023291
597	0.022795	0.022783
598	0.022259	0.022277
599	0.021730	0.021782
600	0.021205	0.021291
601	0.020685	0.020806
602	0.020167	0.020334
603	0.019658	0.019866
604	0.019169	0.019407
605	0.018688	0.018953
606	0.018221	0.018515
607	0.017764	0.018087
608	0.017319	0.017663
609	0.016877	0.017243
610	0.016449	0.016834
611	0.016034	0.016435
612	0.015625	0.016046
613	0.015226	0.015654
614	0.014836	0.015271
615	0.014455	0.014890
616	0.014080	0.014521
617	0.013717	0.014151
618	0.013360	0.013788
619	0.013012	0.013424
620	0.012672	0.013080
621	0.012341	0.012749
622	0.012014	0.012430
623	0.011698	0.012117
624	0.011391	0.011809
625	0.011103	0.011512
626	0.010818	0.011219
627	0.010539	0.010936
628	0.010268	0.010658
629	0.010006	0.010389
630	0.009749	0.010124
631	0.009495	0.009867
632	0.009249	0.009607
633	0.009016	0.009350
634	0.008788	0.009091
635	0.008570	0.008834
636	0.008350	0.008572
637	0.008129	0.008319
638	0.007913	0.008073
639	0.007709	0.007838
640	0.007516	0.007613
641	0.007334	0.007393
642	0.007152	0.007174
643	0.006975	0.006963
644	0.006800	0.006752
645	0.006625	0.006548
646	0.006451	0.006349
647	0.006280	0.006150
648	0.006116	0.005954
649	0.005954	0.005766
650	0.005795	0.005582
651	0.005640	0.005407
652	0.005489	0.005238
653	0.005349	0.005067
654	0.005215	0.004897
655	0.005085	0.004735
656	0.004959	0.004578
657	0.004837	0.004425
658	0.004716	0.004269
659	0.004607	0.004112
660	0.004491	0.003955
661	0.004377	0.003802
662	0.004262	0.003649
663	0.004156	0.003505
664	0.004049	0.003366
665	0.003939	0.003229
666	0.003829	0.003096
667	0.003730	0.002965
668	0.003633	0.002831
669	0.003533	0.002701
670	0.003438	0.002582
671	0.003346	0.002468
672	0.003251	0.002364
673	0.003165	0.002265
674	0.003084	0.002172
675	0.003009	0.002076
676	0.002933	0.001977
677	0.002854	0.001881
678	0.002782	0.001786
679	0.002713	0.001692
680	0.002647	0.001604
681	0.002583	0.001513
682	0.002527	0.001429
683	0.002473	0.001352
684	0.002421	0.001275
685	0.002373	0.001201
686	0.002322	0.001131
687	0.002265	0.001063
688	0.002207	0.001000
689	0.002147	0.000946
690	0.002092	0.000894
691	0.002042	0.000835
692	0.001991	0.000778
693	0.001937	0.000723
694	0.001869	0.000666
695	0.001796	0.000607
696	0.001730	0.000556
697	0.001667	0.000507
698	0.001608	0.000467
699	0.001546	0.000428
700	0.001487	0.000390
701	0.001429	0.000352
702	0.001371	0.000321
703	0.001315	0.000295
704	0.001258	0.000264
705	0.001204	0.000229
706	0.001150	0.000190
707	0.001095	0.000150
708	0.001047	0.000111
709	0.000998	0.000081
710	0.000956	0.000055
711	0.000913	0.000027
712	0.000869	-0.000000
713	0.000825	-0.000019
714	0.000784	-0.000044
715	0.000739	-0.000072
716	0.000691	-0.000099
717	0.000640	-0.000119
718	0.000596	-0.000143
719	0.000550	-0.000163
720	0.000510	-0.000184
721	0.000469	-0.000206
722	0.000432	-0.000222
723	0.000400	-0.000240
724	0.000372	-0.000258
725	0.000348	-0.000274
726	0.000324	-0.000283
727	0.000296	-0.000285
728	0.000267	-0.000287
729	0.000242	-0.000282
730	0.000225	-0.000276
731	0.000207	-0.000278
732	0.000187	-0.000280
733	0.000162	-0.000279
734	0.000141	-0.000287
735	0.000122	-0.000293
736	0.000106	-0.000301
737	0.000092	-0.000305
738	0.000075	-0.000306
739	0.000052	-0.000322
740	0.000036	-0.000342
741	0.000025	-0.000363
742	0.000011	-0.000377
743	0.000003	-0.000385
744	-0.000012	-0.000391
745	-0.000030	-0.000387
746	-0.000045	-0.000377
747	-0.000062	-0.000367
748	-0.000077	-0.000357
749	-0.000081	-0.000350
750	-0.000086	-0.000344
751	-0.000094	-0.000338
752	-0.000097	-0.000331
753	-0.000098	-0.000334
754	-0.000099	-0.000332
755	-0.000111	-0.000326
756	-0.000131	-0.000321
757	-0.000145	-0.000313
758	-0.000154	-0.000302
759	-0.000165	-0.000290
760	-0.000173	-0.000282
761	-0.000179	-0.000272
762	-0.000185	-0.000256
763	-0.000192	-0.000240
764	-0.000198	-0.000231
765	-0.000202	-0.000223
766	-0.000207	-0.000215
767	-0.000201	-0.000205
768	-0.000197	-0.000194
769	-0.000190	-0.000188
770	-0.000184	-0.000180
771	-0.000177	-0.000173
772	-0.000180	-0.000162
773	-0.000181	-0.000163
774	-0.000186	-0.000170
775	-0.000185	-0.000177
776	-0.000183	-0.000181
777	-0.000181	-0.000186
778	-0.000185	-0.000193
779	-0.000194	-0.000197
780	-0.000200	-0.000196
781	-0.000207	-0.000200
782	-0.000207	-0.000203
783	-0.000205	-0.000201
784	-0.000204	-0.000204
785	-0.000195	-0.000206
786	-0.000190	-0.000211
787	-0.000182	-0.000216
788	-0.000169	-0.000220
789	-0.000156	-0.000214
790	-0.000145	-0.000201
791	-0.000139	-0.000191
792	-0.000129	-0.000176
793	-0.000122	-0.000158
794	-0.000121	-0.000144
795	-0.000119	-0.000136
796	-0.000112	-0.000130
797	-0.000114	-0.000131
798	-0.000117	-0.000130
799	-0.000123	-0.000122
800	-0.000125	-0.000111
801	-0.000128	-0.000098
802	-0.000126	-0.000084
803	-0.000121	-0.000079
804	-0.000116	-0.000082
805	-0.000110	-0.000085
806	-0.000098	-0.000088
807	-0.000091	-0.000094
808	-0.000079	-0.000105
809	-0.000071	-0.000110
810	-0.000069	-0.000112
811	-0.000072	-0.000112
812	-0.000071	-0.000119
813	-0.000067	-0.000121
814	-0.000068	-0.000121
815	-0.000068	-0.000116
816	-0.000066	-0.000109
817	-0.000065	-0.000108
818	-0.000065	-0.000104
819	-0.000061	-0.000099
820	-0.000065	-0.000098
821	-0.000062	-0.000092
822	-0.000050	-0.000079
823	-0.000043	-0.000074
824	-0.000035	-0.000075
825	-0.000026	-0.000074
826	-0.000012	-0.000073
827	-0.000005	-0.000070
828	0.000003	-0.000062
829	0.000012	-0.000053
830	0.000014	-0.000047
831	0.000016	-0.000039
832	0.000018	-0.000042
833	0.000013	-0.000041
834	0.000007	-0.000040
835	0.000005	-0.000049
836	0.000009	-0.000054
837	0.000006	-0.000057
838	-0.000000	-0.000055
839	-0.000006	-0.000058
840	-0.000017	-0.000057
841	-0.000027	-0.000058
842	-0.000033	-0.000059
843	-0.000033	-0.000062
844	-0.000037	-0.000064
845	-0.000043	-0.000067
846	-0.000053	-0.000067
847	-0.000062	-0.000066
848	-0.000056	-0.000061
849	-0.000053	-0.000056
850	-0.000053	-0.000051
851	-0.000047	-0.000050
852	-0.000039	-0.000049
853	-0.000029	-0.000049
854	-0.000023	-0.000055
855	-0.000016	-0.000061
856	-0.000013	-0.000064
857	-0.000009	-0.000073
858	-0.000009	-0.000078
859	-0.000007	-0.000079
860	-0.000003	-0.000080
861	-0.000003	-0.000077
862	-0.000004	-0.000067
863	0.000001	-0.000062
864	-0.000001	-0.000057
865	0.000000	-0.000054
866	0.000006	-0.000050
867	0.000012	-0.000044
868	0.000015	-0.000047
869	0.000013	-0.000039
870	0.000005	-0.000030
871	0.000001	-0.000024
872	0.000002	-0.000023
873	-0.000003	-0.000019
874	-0.000003	-0.000012
875	0.000002	0.000002
876	0.000007	0.000007
877	0.000004	0.000007
878	-0.000006	0.000005
879	-0.000017	0.000002
880	-0.000024	-0.000009
881	-0.000027	-0.000018
882	-0.000032	-0.000030
883	-0.000032	-0.000040
884	-0.000026	-0.000050
885	-0.000023	-0.000051
886	-0.000015	-0.000042
887	-0.000008	-0.000035
888	-0.000001	-0.000029
889	0.000007	-0.000030
890	0.000016	-0.000030
891	0.000017	-0.000031
892	0.000013	-0.000028
893	0.000016	-0.000018
894	0.000017	-0.000007
895	0.000017	-0.000005
896	0.000015	-0.000005
897	0.000012	-0.000008
898	0.000009	-0.000016
899	0.000006	-0.000022
900	0.000008	-0.000027
901	0.000005	-0.000030
902	0.000003	-0.000030
903	0.000004	-0.000041
904	0.000006	-0.000044
905	0.000006	-0.000053
906	0.000006	-0.000060
907	-0.000002	-0.000064
908	-0.000008	-0.000060
909	-0.000012	-0.000062
910	-0.000013	-0.000058
911	-0.000015	-0.000048
912	-0.000018	-0.000045
913	-0.000017	-0.000039
914	-0.000011	-0.000035
915	-0.000005	-0.000026
916	0.000001	-0.000017
917	0.000005	-0.000013
918	0.000000	-0.000019
919	-0.000002	-0.000030
920	0.000003	-0.000035
921	0.000001	-0.000040
922	0.000000	-0.000039
923	0.000003	-0.000031
924	0.000006	-0.000023
925	0.000010	-0.000019
926	0.000007	-0.000014
927	0.000002	-0.000009
928	-0.000006	-0.000006
929	-0.000014	-0.000001
930	-0.000017	0.000000
931	-0.000018	-0.000002
932	-0.000028	0.000000
933	-0.000036	0.000007
934	-0.000046	0.000017
935	-0.000049	0.000026
936	-0.000045	0.000036
937	-0.000045	0.000039
938	-0.000046	0.000038
939	-0.000043	0.000031
940	-0.000041	0.000026
941	-0.000038	0.000021
942	-0.000028	0.000015
943	-0.000025	0.000007
944	-0.000017	0.000006
945	-0.000013	0.000001
946	-0.000005	-0.000002
947	-0.000000	-0.000003
948	0.000006	0.000000
949	0.000007	0.000001
950	0.000005	0.000001
951	0.000001	0.000003
952	-0.000002	0.000006
953	-0.000005	0.000005
954	-0.000005	0.000004
955	-0.000001	0.000001
956	0.000002	0.000009
957	0.000002	0.000012
958	0.000005	0.000015
959	0.000011	0.000015
960	0.000023	0.000019
961	0.000023	0.000020
962	0.000016	0.000017
963	0.000005	0.000014
964	-0.000002	0.000005
965	-0.000002	-0.000001
966	-0.000000	-0.000005
967	0.000011	-0.000014
968	0.000015	-0.000014
969	0.000024	-0.000015
970	0.000032	-0.000012
971	0.000041	-0.000011
972	0.000052	-0.000018
973	0.000057	-0.000026
974	0.000064	-0.000025
975	0.000061	-0.000024
976	0.000057	-0.000010
977	0.000046	0.000006
978	0.000035	0.000020
979	0.000031	0.000015
980	0.000023	0.000008
981	0.000012	0.000006
982	0.000012	0.000008
983	0.000015	0.000005
984	0.000020	-0.000003
985	0.000022	-0.000008
986	0.000019	-0.000010
987	0.000021	-0.000007
988	0.000022	-0.000008
989	0.000020	-0.000010
990	0.000023	-0.000011
991	0.000021	-0.000009
992	0.000018	-0.000005
993	0.000012	-0.000008
994	0.000004	-0.000005
995	-0.000003	-0.000001
996	-0.000007	0.000003
997	-0.000009	0.000006
998	-0.000015	0.000009
999	-0.000014	0.000011
1000	-0.000006	0.000008
