n	REAL(eigenstate[n])	IMAG(eigenstate[n])
0	0.000082	0.000087
1	0.000146	0.000165
2	0.000211	0.000242
3	0.000276	0.000310
4	0.000329	0.000374
5	0.000381	0.000425
6	0.000429	0.000472
7	0.000481	0.000518
8	0.000535	0.000556
9	0.000577	0.000585
10	0.000612	0.000609
11	0.000644	0.000623
12	0.000664	0.000631
13	0.000689	0.000645
14	0.000715	0.000656
15	0.000745	0.000670
16	0.000770	0.000683
17	0.000791	0.000700
18	0.000806	0.000710
19	0.000826	0.000712
20	0.000844	0.000713
21	0.000853	0.000713
22	0.000854	0.000720
23	0.000851	0.000717
24	0.000843	0.000719
25	0.000830	0.000718
26	0.000818	0.000716
27	0.000813	0.000719
28	0.000811	0.000720
29	0.000818	0.000725
30	0.000827	0.000726
31	0.000843	0.000729
32	0.000858	0.000739
33	0.000866	0.000741
34	0.000874	0.000748
35	0.000877	0.000763
36	0.000880	0.000783
37	0.000888	0.000800
38	0.000896	0.000818
39	0.000904	0.000826
40	0.000912	0.000839
41	0.000916	0.000858
42	0.000923	0.000867
43	0.000931	0.000870
44	0.000930	0.000869
45	0.000934	0.000869
46	0.000933	0.000871
47	0.000934	0.000875
48	0.000943	0.000885
49	0.000954	0.000899
50	0.000970	0.000910
51	0.000980	0.000930
52	0.000989	0.000944
53	0.001004	0.000949
54	0.001013	0.000962
55	0.001027	0.000971
56	0.001034	0.000984
57	0.001047	0.000989
58	0.001057	0.001000
59	0.001061	0.001007
60	0.001074	0.001013
61	0.001079	0.001027
62	0.001087	0.001035
63	0.001085	0.001047
64	0.001083	0.001060
65	0.001091	0.001076
66	0.001101	0.001087
67	0.001111	0.001091
68	0.001116	0.001087
69	0.001112	0.001079
70	0.001110	0.001069
71	0.001102	0.001065
72	0.001102	0.001066
73	0.001103	0.001075
74	0.001100	0.001080
75	0.001101	0.001089
76	0.001106	0.001092
77	0.001108	0.001101
78	0.001111	0.001106
79	0.001120	0.001108
80	0.001120	0.001102
81	0.001116	0.001099
82	0.001120	0.001100
83	0.001129	0.001107
84	0.001130	0.001106
85	0.001131	0.001110
86	0.001134	0.001118
87	0.001136	0.001130
88	0.001141	0.001141
89	0.001150	0.001143
90	0.001165	0.001152
91	0.001172	0.001161
92	0.001175	0.001169
93	0.001183	0.001176
94	0.001198	0.001191
95	0.001222	0.001208
96	0.001243	0.001232
97	0.001266	0.001252
98	0.001280	0.001267
99	0.001293	0.001279
100	0.001298	0.001284
101	0.001311	0.001299
102	0.001328	0.001318
103	0.001339	0.001335
104	0.001349	0.001349
105	0.001354	0.001372
106	0.001359	0.001390
107	0.001368	0.001406
108	0.001383	0.001427
109	0.001402	0.001450
110	0.001414	0.001475
111	0.001426	0.001505
112	0.001449	0.001535
113	0.001476	0.001558
114	0.001501	0.001574
115	0.001523	0.001582
116	0.001537	0.001591
117	0.001544	0.001596
118	0.001554	0.001607
119	0.001556	0.001614
120	0.001553	0.001614
121	0.001547	0.001611
122	0.001544	0.001612
123	0.001539	0.001604
124	0.001536	0.001595
125	0.001542	0.001578
126	0.001554	0.001564
127	0.001558	0.001550
128	0.001561	0.001541
129	0.001572	0.001538
130	0.001590	0.001541
131	0.001603	0.001537
132	0.001615	0.001541
133	0.001628	0.001540
134	0.001643	0.001530
135	0.001650	0.001522
136	0.001665	0.001519
137	0.001678	0.001512
138	0.001689	0.001504
139	0.001706	0.001500
140	0.001731	0.001504
141	0.001757	0.001511
142	0.001776	0.001519
143	0.001793	0.001529
144	0.001807	0.001538
145	0.001818	0.001541
146	0.001829	0.001536
147	0.001849	0.001530
148	0.001877	0.001530
149	0.001912	0.001527
150	0.001939	0.001521
151	0.001959	0.001521
152	0.001975	0.001528
153	0.001989	0.001532
154	0.001998	0.001537
155	0.002008	0.001532
156	0.002024	0.001536
157	0.002044	0.001547
158	0.002065	0.001564
159	0.002085	0.001589
160	0.002101	0.001619
161	0.002126	0.001650
162	0.002144	0.001683
163	0.002164	0.001720
164	0.002179	0.001764
165	0.002190	0.001803
166	0.002195	0.001836
167	0.002195	0.001865
168	0.002199	0.001889
169	0.002213	0.001912
170	0.002229	0.001942
171	0.002252	0.001967
172	0.002271	0.001988
173	0.002284	0.002007
174	0.002296	0.002030
175	0.002307	0.002052
176	0.002312	0.002076
177	0.002312	0.002093
178	0.002322	0.002106
179	0.002326	0.002122
180	0.002338	0.002129
181	0.002347	0.002133
182	0.002359	0.002146
183	0.002367	0.002157
184	0.002383	0.002163
185	0.002391	0.002161
186	0.002396	0.002155
187	0.002405	0.002156
188	0.002408	0.002157
189	0.002405	0.002161
190	0.002397	0.002166
191	0.002381	0.002171
192	0.002368	0.002170
193	0.002355	0.002164
194	0.002350	0.002157
195	0.002345	0.002152
196	0.002349	0.002150
197	0.002356	0.002151
198	0.002373	0.002152
199	0.002397	0.002159
200	0.002427	0.002170
201	0.002449	0.002188
202	0.002475	0.002197
203	0.002503	0.002208
204	0.002527	0.002225
205	0.002549	0.002245
206	0.002563	0.002263
207	0.002582	0.002278
208	0.002605	0.002297
209	0.002620	0.002307
210	0.002640	0.002317
211	0.002655	0.002327
212	0.002664	0.002339
213	0.002667	0.002356
214	0.002672	0.002365
215	0.002685	0.002383
216	0.002705	0.002398
217	0.002725	0.002420
218	0.002746	0.002440
219	0.002761	0.002451
220	0.002782	0.002467
221	0.002797	0.002483
222	0.002822	0.002504
223	0.002847	0.002533
224	0.002882	0.002562
225	0.002910	0.002592
226	0.002929	0.002625
227	0.002945	0.002653
228	0.002952	0.002675
229	0.002958	0.002695
230	0.002961	0.002718
231	0.002975	0.002734
232	0.002982	0.002743
233	0.002990	0.002751
234	0.002999	0.002761
235	0.003006	0.002776
236	0.003010	0.002784
237	0.003024	0.002795
238	0.003037	0.002799
239	0.003057	0.002800
240	0.003086	0.002801
241	0.003108	0.002809
242	0.003123	0.002825
243	0.003132	0.002839
244	0.003148	0.002847
245	0.003172	0.002854
246	0.003200	0.002854
247	0.003225	0.002861
248	0.003247	0.002874
249	0.003268	0.002892
250	0.003291	0.002917
251	0.003325	0.002947
252	0.003358	0.002985
253	0.003385	0.003031
254	0.003408	0.003085
255	0.003430	0.003148
256	0.003460	0.003206
257	0.003484	0.003264
258	0.003518	0.003313
259	0.003549	0.003358
260	0.003586	0.003409
261	0.003633	0.003454
262	0.003673	0.003499
263	0.003709	0.003540
264	0.003739	0.003580
265	0.003765	0.003625
266	0.003793	0.003676
267	0.003826	0.003722
268	0.003854	0.003760
269	0.003892	0.003805
270	0.003939	0.003852
271	0.003991	0.003897
272	0.004034	0.003948
273	0.004084	0.004009
274	0.004130	0.004079
275	0.004183	0.004143
276	0.004234	0.004200
277	0.004287	0.004262
278	0.004333	0.004326
279	0.004389	0.004398
280	0.004449	0.004466
281	0.004501	0.004531
282	0.004555	0.004590
283	0.004604	0.004656
284	0.004659	0.004730
285	0.004712	0.004799
286	0.004768	0.004872
287	0.004824	0.004938
288	0.004872	0.005009
289	0.004924	0.005076
290	0.004976	0.005141
291	0.005027	0.005206
292	0.005073	0.005280
293	0.005119	0.005346
294	0.005173	0.005408
295	0.005229	0.005471
296	0.005291	0.005535
297	0.005358	0.005604
298	0.005425	0.005670
299	0.005486	0.005746
300	0.005539	0.005818
301	0.005603	0.005891
302	0.005668	0.005970
303	0.005733	0.006049
304	0.005801	0.006132
305	0.005880	0.006206
306	0.005959	0.006275
307	0.006029	0.006344
308	0.006099	0.006417
309	0.006179	0.006491
310	0.006267	0.006563
311	0.006363	0.006636
312	0.006452	0.006712
313	0.006551	0.006791
314	0.006650	0.006874
315	0.006758	0.006968
316	0.006865	0.007066
317	0.006971	0.007172
318	0.007071	0.007289
319	0.007175	0.007413
320	0.007287	0.007545
321	0.007408	0.007680
322	0.007521	0.007812
323	0.007642	0.007955
324	0.007763	0.008099
325	0.007890	0.008250
326	0.008014	0.008398
327	0.008146	0.008550
328	0.008273	0.008702
329	0.008411	0.008860
330	0.008553	0.009024
331	0.008692	0.009196
332	0.008836	0.009362
333	0.008991	0.009532
334	0.009145	0.009711
335	0.009303	0.009895
336	0.009457	0.010073
337	0.009608	0.010255
338	0.009761	0.010433
339	0.009918	0.010606
340	0.010085	0.010789
341	0.010244	0.010973
342	0.010415	0.011150
343	0.010586	0.011338
344	0.010760	0.011522
345	0.010941	0.011705
346	0.011118	0.011884
347	0.011289	0.012077
348	0.011464	0.012277
349	0.011642	0.012474
350	0.011826	0.012680
351	0.012020	0.012882
352	0.012220	0.013094
353	0.012431	0.013303
354	0.012640	0.013507
355	0.012859	0.013715
356	0.013088	0.013918
357	0.013312	0.014132
358	0.013542	0.014357
359	0.013785	0.014584
360	0.014035	0.014808
361	0.014282	0.015039
362	0.014536	0.015281
363	0.014794	0.015523
364	0.015052	0.015762
365	0.015323	0.015996
366	0.015591	0.016244
367	0.015867	0.016503
368	0.016156	0.016771
369	0.016454	0.017046
370	0.016750	0.017320
371	0.017043	0.017599
372	0.017339	0.017893
373	0.017645	0.018187
374	0.017958	0.018476
375	0.018269	0.018776
376	0.018583	0.019076
377	0.018893	0.019377
378	0.019209	0.019675
379	0.019525	0.019980
380	0.019847	0.020298
381	0.020182	0.020615
382	0.020513	0.020942
383	0.020846	0.021276
384	0.021180	0.021625
385	0.021511	0.021972
386	0.021852	0.022323
387	0.022196	0.022676
388	0.022548	0.023026
389	0.022897	0.023377
390	0.023242	0.023728
391	0.023593	0.024080
392	0.023951	0.024437
393	0.024317	0.024803
394	0.024683	0.025168
395	0.025046	0.025546
396	0.025407	0.025937
397	0.025775	0.026324
398	0.026152	0.026709
399	0.026527	0.027090
400	0.026901	0.027468
401	0.027280	0.027846
402	0.027668	0.028219
403	0.028054	0.028587
404	0.028440	0.028957
405	0.028834	0.029328
406	0.029235	0.029700
407	0.029648	0.030073
408	0.030057	0.030447
409	0.030470	0.030825
410	0.030886	0.031206
411	0.031305	0.031596
412	0.031733	0.031991
413	0.032172	0.032382
414	0.032609	0.032779
415	0.033054	0.033170
416	0.033500	0.033565
417	0.033951	0.033959
418	0.034402	0.034350
419	0.034858	0.034750
420	0.035312	0.035156
421	0.035760	0.035563
422	0.036216	0.035960
423	0.036671	0.036352
424	0.037131	0.036753
425	0.037591	0.037165
426	0.038057	0.037572
427	0.038513	0.037989
428	0.038961	0.038408
429	0.039405	0.038836
430	0.039839	0.039261
431	0.040282	0.039676
432	0.040724	0.040092
433	0.041171	0.040509
434	0.041618	0.040934
435	0.042066	0.041355
436	0.042521	0.041783
437	0.042981	0.042215
438	0.043430	0.042650
439	0.043880	0.043077
440	0.044321	0.043507
441	0.044751	0.043927
442	0.045171	0.044352
443	0.045587	0.044767
444	0.046011	0.045172
445	0.046434	0.045579
446	0.046861	0.045974
447	0.047285	0.046367
448	0.047700	0.046752
449	0.048104	0.047129
450	0.048509	0.047508
451	0.048913	0.047888
452	0.049315	0.048266
453	0.049708	0.048638
454	0.050100	0.049010
455	0.050485	0.049383
456	0.050856	0.049759
457	0.051226	0.050130
458	0.051592	0.050486
459	0.051949	0.050831
460	0.052308	0.051172
461	0.052664	0.051514
462	0.053013	0.051856
463	0.053347	0.052184
464	0.053673	0.052510
465	0.053992	0.052823
466	0.054294	0.053122
467	0.054594	0.053405
468	0.054887	0.053686
469	0.055170	0.053967
470	0.055453	0.054236
471	0.055719	0.054504
472	0.055974	0.054770
473	0.056229	0.055034
474	0.056485	0.055297
475	0.056733	0.055547
476	0.056964	0.055797
477	0.057191	0.056029
478	0.057403	0.056254
479	0.057601	0.056475
480	0.057800	0.056690
481	0.057995	0.056900
482	0.058187	0.057092
483	0.058375	0.057273
484	0.058551	0.057442
485	0.058719	0.057593
486	0.058885	0.057729
487	0.059033	0.057858
488	0.059170	0.057972
489	0.059288	0.058085
490	0.059390	0.058187
491	0.059479	0.058279
492	0.059559	0.058357
493	0.059637	0.058415
494	0.059710	0.058468
495	0.059771	0.058504
496	0.059828	0.058535
497	0.059880	0.058548
498	0.059924	0.058554
499	0.059968	0.058549
500	0.060002	0.058543
501	0.060021	0.058529
502	0.060023	0.058503
503	0.060017	0.058462
504	0.059996	0.058413
505	0.059975	0.058358
506	0.059938	0.058291
507	0.059895	0.058211
508	0.059839	0.058126
509	0.059774	0.058032
510	0.059702	0.057921
511	0.059628	0.057808
512	0.059534	0.057686
513	0.059424	0.057556
514	0.059295	0.057419
515	0.059160	0.057264
516	0.059017	0.057103
517	0.058857	0.056939
518	0.058679	0.056771
519	0.058489	0.056599
520	0.058290	0.056414
521	0.058085	0.056218
522	0.057875	0.056016
523	0.057656	0.055803
524	0.057438	0.055591
525	0.057203	0.055362
526	0.056969	0.055126
527	0.056718	0.054892
528	0.056461	0.054639
529	0.056199	0.054372
530	0.055924	0.054101
531	0.055638	0.053818
532	0.055338	0.053534
533	0.055032	0.053241
534	0.054713	0.052936
535	0.054387	0.052633
536	0.054051	0.052326
537	0.053705	0.052007
538	0.053354	0.051691
539	0.053007	0.051375
540	0.052662	0.051054
541	0.052303	0.050718
542	0.051929	0.050383
543	0.051557	0.050037
544	0.051176	0.049688
545	0.050787	0.049333
546	0.050399	0.048975
547	0.050005	0.048616
548	0.049598	0.048260
549	0.049179	0.047891
550	0.048766	0.047513
551	0.048359	0.047134
552	0.047954	0.046747
553	0.047542	0.046352
554	0.047120	0.045953
555	0.046703	0.045546
556	0.046281	0.045126
557	0.045863	0.044695
558	0.045439	0.044259
559	0.045002	0.043824
560	0.044557	0.043390
561	0.044106	0.042951
562	0.043663	0.042519
563	0.043225	0.042091
564	0.042792	0.041652
565	0.042356	0.041202
566	0.041921	0.040756
567	0.041478	0.040306
568	0.041036	0.039855
569	0.040603	0.039401
570	0.040174	0.038952
571	0.039750	0.038512
572	0.039317	0.038061
573	0.038882	0.037613
574	0.038444	0.037163
575	0.037998	0.036711
576	0.037558	0.036259
577	0.037117	0.035806
578	0.036671	0.035358
579	0.036232	0.034907
580	0.035791	0.034447
581	0.035358	0.033981
582	0.034926	0.033525
583	0.034495	0.033080
584	0.034062	0.032628
585	0.033640	0.032177
586	0.033218	0.031736
587	0.032787	0.031303
588	0.032357	0.030870
589	0.031936	0.030436
590	0.031523	0.030009
591	0.031108	0.029593
592	0.030691	0.029179
593	0.030273	0.028771
594	0.029848	0.028367
595	0.029427	0.027955
596	0.029002	0.027543
597	0.028578	0.027130
598	0.028152	0.026723
599	0.027736	0.026326
600	0.027318	0.025933
601	0.026906	0.025548
602	0.026498	0.025168
603	0.026103	0.024794
604	0.025722	0.024430
605	0.025348	0.024076
606	0.024982	0.023731
607	0.024617	0.023397
608	0.024258	0.023058
609	0.023903	0.022723
610	0.023555	0.022393
611	0.023221	0.022059
612	0.022889	0.021734
613	0.022561	0.021409
614	0.022230	0.021092
615	0.021899	0.020773
616	0.021563	0.020456
617	0.021239	0.020150
618	0.020921	0.019848
619	0.020607	0.019559
620	0.020301	0.019274
621	0.019996	0.018986
622	0.019686	0.018699
623	0.019380	0.018419
624	0.019073	0.018145
625	0.018764	0.017866
626	0.018453	0.017597
627	0.018148	0.017325
628	0.017847	0.017059
629	0.017547	0.016786
630	0.017247	0.016521
631	0.016961	0.016261
632	0.016679	0.016001
633	0.016410	0.015754
634	0.016151	0.015500
635	0.015897	0.015247
636	0.015647	0.014999
637	0.015411	0.014761
638	0.015179	0.014527
639	0.014942	0.014295
640	0.014710	0.014071
641	0.014482	0.013846
642	0.014258	0.013628
643	0.014032	0.013404
644	0.013801	0.013194
645	0.013578	0.012987
646	0.013350	0.012780
647	0.013130	0.012580
648	0.012914	0.012385
649	0.012705	0.012193
650	0.012506	0.012002
651	0.012320	0.011808
652	0.012127	0.011613
653	0.011944	0.011428
654	0.011761	0.011247
655	0.011575	0.011076
656	0.011386	0.010913
657	0.011198	0.010758
658	0.011020	0.010608
659	0.010846	0.010463
660	0.010668	0.010328
661	0.010488	0.010191
662	0.010317	0.010049
663	0.010156	0.009919
664	0.009996	0.009788
665	0.009842	0.009658
666	0.009692	0.009526
667	0.009547	0.009398
668	0.009403	0.009273
669	0.009253	0.009149
670	0.009100	0.009031
671	0.008949	0.008912
672	0.008790	0.008790
673	0.008641	0.008679
674	0.008495	0.008577
675	0.008354	0.008474
676	0.008216	0.008377
677	0.008088	0.008290
678	0.007967	0.008202
679	0.007850	0.008118
680	0.007745	0.008031
681	0.007642	0.007941
682	0.007546	0.007854
683	0.007444	0.007761
684	0.007342	0.007663
685	0.007248	0.007560
686	0.007155	0.007462
687	0.007070	0.007360
688	0.006979	0.007261
689	0.006885	0.007166
690	0.006802	0.007075
691	0.006716	0.006995
692	0.006636	0.006917
693	0.006564	0.006832
694	0.006497	0.006749
695	0.006434	0.006666
696	0.006376	0.006587
697	0.006311	0.006502
698	0.006241	0.006418
699	0.006172	0.006329
700	0.006103	0.006242
701	0.006026	0.006152
702	0.005949	0.006070
703	0.005869	0.005997
704	0.005790	0.005927
705	0.005706	0.005858
706	0.005619	0.005789
707	0.005542	0.005720
708	0.005464	0.005642
709	0.005386	0.005571
710	0.005303	0.005510
711	0.005221	0.005443
712	0.005134	0.005384
713	0.005040	0.005328
714	0.004954	0.005269
715	0.004873	0.005214
716	0.004800	0.005153
717	0.004735	0.005099
718	0.004674	0.005042
719	0.004620	0.004979
720	0.004567	0.004909
721	0.004515	0.004849
722	0.004459	0.004797
723	0.004409	0.004745
724	0.004353	0.004696
725	0.004298	0.004644
726	0.004240	0.004589
727	0.004173	0.004525
728	0.004109	0.004462
729	0.004050	0.004394
730	0.003996	0.004324
731	0.003942	0.004254
732	0.003883	0.004187
733	0.003830	0.004119
734	0.003777	0.004057
735	0.003732	0.004000
736	0.003687	0.003952
737	0.003648	0.003903
738	0.003615	0.003860
739	0.003579	0.003819
740	0.003549	0.003787
741	0.003512	0.003763
742	0.003484	0.003732
743	0.003456	0.003696
744	0.003426	0.003661
745	0.003403	0.003621
746	0.003384	0.003575
747	0.003369	0.003526
748	0.003358	0.003485
749	0.003351	0.003445
750	0.003337	0.003398
751	0.003316	0.003353
752	0.003303	0.003313
753	0.003290	0.003279
754	0.003275	0.003250
755	0.003263	0.003230
756	0.003256	0.003201
757	0.003244	0.003179
758	0.003223	0.003161
759	0.003195	0.003148
760	0.003178	0.003133
761	0.003161	0.003108
762	0.003142	0.003088
763	0.003124	0.003061
764	0.003111	0.003026
765	0.003094	0.002985
766	0.003080	0.002952
767	0.003070	0.002915
768	0.003053	0.002881
769	0.003033	0.002840
770	0.003004	0.002798
771	0.002977	0.002764
772	0.002955	0.002736
773	0.002934	0.002713
774	0.002912	0.002695
775	0.002883	0.002680
776	0.002859	0.002663
777	0.002826	0.002648
778	0.002800	0.002624
779	0.002768	0.002601
780	0.002740	0.002578
781	0.002709	0.002553
782	0.002685	0.002525
783	0.002670	0.002507
784	0.002647	0.002496
785	0.002621	0.002479
786	0.002589	0.002455
787	0.002566	0.002438
788	0.002544	0.002429
789	0.002526	0.002418
790	0.002500	0.002417
791	0.002471	0.002421
792	0.002441	0.002431
793	0.002417	0.002438
794	0.002402	0.002440
795	0.002391	0.002451
796	0.002377	0.002465
797	0.002373	0.002471
798	0.002360	0.002469
799	0.002356	0.002477
800	0.002346	0.002478
801	0.002331	0.002475
802	0.002309	0.002470
803	0.002282	0.002458
804	0.002255	0.002452
805	0.002233	0.002455
806	0.002215	0.002460
807	0.002193	0.002458
808	0.002169	0.002450
809	0.002144	0.002434
810	0.002127	0.002416
811	0.002119	0.002393
812	0.002106	0.002365
813	0.002089	0.002348
814	0.002079	0.002327
815	0.002067	0.002302
816	0.002054	0.002269
817	0.002040	0.002239
818	0.002029	0.002211
819	0.002015	0.002189
820	0.002002	0.002160
821	0.001994	0.002123
822	0.001976	0.002082
823	0.001958	0.002051
824	0.001949	0.002020
825	0.001947	0.001997
826	0.001935	0.001982
827	0.001915	0.001972
828	0.001899	0.001958
829	0.001883	0.001942
830	0.001870	0.001927
831	0.001858	0.001920
832	0.001845	0.001905
833	0.001836	0.001880
834	0.001830	0.001848
835	0.001820	0.001806
836	0.001800	0.001758
837	0.001780	0.001720
838	0.001769	0.001673
839	0.001759	0.001634
840	0.001755	0.001602
841	0.001757	0.001567
842	0.001750	0.001537
843	0.001735	0.001514
844	0.001716	0.001495
845	0.001693	0.001476
846	0.001668	0.001465
847	0.001634	0.001459
848	0.001606	0.001459
849	0.001587	0.001462
850	0.001573	0.001465
851	0.001563	0.001461
852	0.001546	0.001460
853	0.001535	0.001454
854	0.001517	0.001438
855	0.001509	0.001419
856	0.001505	0.001409
857	0.001506	0.001403
858	0.001511	0.001403
859	0.001517	0.001408
860	0.001520	0.001404
861	0.001514	0.001404
862	0.001510	0.001410
863	0.001509	0.001407
864	0.001514	0.001403
865	0.001510	0.001399
866	0.001510	0.001395
867	0.001507	0.001398
868	0.001496	0.001407
869	0.001494	0.001409
870	0.001493	0.001406
871	0.001488	0.001412
872	0.001488	0.001412
873	0.001479	0.001404
874	0.001479	0.001396
875	0.001480	0.001388
876	0.001479	0.001377
877	0.001472	0.001367
878	0.001468	0.001367
879	0.001465	0.001373
880	0.001459	0.001378
881	0.001445	0.001385
882	0.001429	0.001383
883	0.001422	0.001378
884	0.001416	0.001373
885	0.001416	0.001376
886	0.001423	0.001370
887	0.001428	0.001357
888	0.001426	0.001344
889	0.001416	0.001329
890	0.001416	0.001307
891	0.001415	0.001286
892	0.001410	0.001261
893	0.001401	0.001238
894	0.001391	0.001223
895	0.001380	0.001213
896	0.001366	0.001208
897	0.001360	0.001201
898	0.001360	0.001198
899	0.001356	0.001201
900	0.001357	0.001199
901	0.001356	0.001188
902	0.001348	0.001177
903	0.001333	0.001168
904	0.001309	0.001156
905	0.001286	0.001136
906	0.001268	0.001124
907	0.001245	0.001121
908	0.001224	0.001127
909	0.001212	0.001131
910	0.001194	0.001127
911	0.001183	0.001117
912	0.001176	0.001107
913	0.001165	0.001102
914	0.001156	0.001096
915	0.001151	0.001089
916	0.001148	0.001078
917	0.001152	0.001058
918	0.001160	0.001042
919	0.001160	0.001034
920	0.001152	0.001029
921	0.001148	0.001026
922	0.001146	0.001029
923	0.001151	0.001039
924	0.001153	0.001042
925	0.001150	0.001049
926	0.001138	0.001057
927	0.001119	0.001057
928	0.001108	0.001061
929	0.001090	0.001063
930	0.001082	0.001064
931	0.001079	0.001074
932	0.001086	0.001084
933	0.001089	0.001097
934	0.001094	0.001114
935	0.001098	0.001130
936	0.001092	0.001151
937	0.001088	0.001164
938	0.001094	0.001180
939	0.001106	0.001197
940	0.001113	0.001211
941	0.001128	0.001217
942	0.001136	0.001220
943	0.001136	0.001234
944	0.001134	0.001241
945	0.001134	0.001244
946	0.001127	0.001246
947	0.001128	0.001247
948	0.001121	0.001241
949	0.001119	0.001230
950	0.001120	0.001225
951	0.001120	0.001215
952	0.001115	0.001208
953	0.001104	0.001194
954	0.001094	0.001174
955	0.001084	0.001164
956	0.001083	0.001162
957	0.001074	0.001156
958	0.001060	0.001144
959	0.001040	0.001125
960	0.001015	0.001109
961	0.000999	0.001098
962	0.000974	0.001085
963	0.000947	0.001078
964	0.000927	0.001065
965	0.000912	0.001044
966	0.000891	0.001022
967	0.000879	0.000996
968	0.000861	0.000967
969	0.000841	0.000931
970	0.000831	0.000899
971	0.000819	0.000875
972	0.000800	0.000860
973	0.000769	0.000843
974	0.000737	0.000824
975	0.000713	0.000797
976	0.000694	0.000774
977	0.000663	0.000756
978	0.000631	0.000745
979	0.000607	0.000729
980	0.000578	0.000711
981	0.000553	0.000697
982	0.000534	0.000683
983	0.000520	0.000674
984	0.000511	0.000656
985	0.000507	0.000635
986	0.000495	0.000619
987	0.000486	0.000600
988	0.000482	0.000577
989	0.000479	0.000558
990	0.000463	0.000535
991	0.000437	0.000514
992	0.000408	0.000497
993	0.000380	0.000470
994	0.000347	0.000433
995	0.000314	0.000397
996	0.000274	0.000345
997	0.000230	0.000290
998	0.000178	0.000229
999	0.000123	0.000160
1000	0.000067	0.000083
