n	REAL(eigenstate[n])	IMAG(eigenstate[n])
0	0.000079	0.000080
1	0.000156	0.000157
2	0.000228	0.000221
3	0.000286	0.000275
4	0.000339	0.000330
5	0.000381	0.000379
6	0.000421	0.000426
7	0.000454	0.000468
8	0.000474	0.000504
9	0.000496	0.000534
10	0.000521	0.000569
11	0.000548	0.000592
12	0.000574	0.000613
13	0.000604	0.000632
14	0.000629	0.000654
15	0.000645	0.000678
16	0.000659	0.000691
17	0.000664	0.000711
18	0.000665	0.000722
19	0.000672	0.000729
20	0.000685	0.000742
21	0.000696	0.000747
22	0.000710	0.000753
23	0.000729	0.000765
24	0.000743	0.000780
25	0.000758	0.000799
26	0.000778	0.000809
27	0.000799	0.000818
28	0.000828	0.000824
29	0.000851	0.000830
30	0.000867	0.000832
31	0.000881	0.000830
32	0.000891	0.000830
33	0.000904	0.000831
34	0.000908	0.000835
35	0.000912	0.000841
36	0.000922	0.000853
37	0.000932	0.000855
38	0.000949	0.000857
39	0.000962	0.000855
40	0.000967	0.000847
41	0.000968	0.000845
42	0.000966	0.000849
43	0.000960	0.000861
44	0.000953	0.000867
45	0.000948	0.000872
46	0.000949	0.000878
47	0.000945	0.000892
48	0.000941	0.000899
49	0.000944	0.000913
50	0.000946	0.000927
51	0.000947	0.000938
52	0.000945	0.000944
53	0.000948	0.000957
54	0.000945	0.000966
55	0.000942	0.000985
56	0.000946	0.000999
57	0.000942	0.001019
58	0.000942	0.001034
59	0.000942	0.001047
60	0.000947	0.001053
61	0.000955	0.001051
62	0.000955	0.001053
63	0.000960	0.001064
64	0.000970	0.001077
65	0.000973	0.001093
66	0.000985	0.001105
67	0.000997	0.001120
68	0.001009	0.001133
69	0.001023	0.001142
70	0.001032	0.001158
71	0.001033	0.001166
72	0.001040	0.001169
73	0.001045	0.001168
74	0.001051	0.001167
75	0.001061	0.001176
76	0.001080	0.001184
77	0.001090	0.001190
78	0.001097	0.001189
79	0.001107	0.001195
80	0.001117	0.001195
81	0.001124	0.001203
82	0.001132	0.001209
83	0.001144	0.001224
84	0.001150	0.001232
85	0.001163	0.001236
86	0.001173	0.001242
87	0.001188	0.001257
88	0.001197	0.001266
89	0.001208	0.001269
90	0.001212	0.001276
91	0.001207	0.001282
92	0.001209	0.001280
93	0.001202	0.001271
94	0.001205	0.001255
95	0.001203	0.001245
96	0.001202	0.001234
97	0.001209	0.001226
98	0.001217	0.001210
99	0.001217	0.001195
100	0.001224	0.001185
101	0.001227	0.001184
102	0.001238	0.001176
103	0.001245	0.001177
104	0.001245	0.001170
105	0.001250	0.001169
106	0.001250	0.001163
107	0.001246	0.001163
108	0.001252	0.001172
109	0.001249	0.001177
110	0.001238	0.001191
111	0.001226	0.001200
112	0.001220	0.001213
113	0.001220	0.001220
114	0.001226	0.001226
115	0.001225	0.001239
116	0.001231	0.001256
117	0.001244	0.001271
118	0.001255	0.001292
119	0.001273	0.001305
120	0.001281	0.001320
121	0.001295	0.001338
122	0.001309	0.001352
123	0.001318	0.001357
124	0.001326	0.001363
125	0.001334	0.001365
126	0.001342	0.001370
127	0.001348	0.001381
128	0.001347	0.001393
129	0.001353	0.001397
130	0.001350	0.001411
131	0.001351	0.001417
132	0.001352	0.001431
133	0.001358	0.001447
134	0.001367	0.001453
135	0.001377	0.001462
136	0.001383	0.001476
137	0.001398	0.001488
138	0.001413	0.001507
139	0.001425	0.001520
140	0.001437	0.001525
141	0.001452	0.001536
142	0.001470	0.001540
143	0.001490	0.001535
144	0.001504	0.001537
145	0.001524	0.001539
146	0.001547	0.001536
147	0.001563	0.001533
148	0.001571	0.001525
149	0.001574	0.001524
150	0.001578	0.001529
151	0.001583	0.001540
152	0.001582	0.001557
153	0.001586	0.001575
154	0.001594	0.001598
155	0.001608	0.001613
156	0.001630	0.001622
157	0.001649	0.001631
158	0.001668	0.001644
159	0.001688	0.001663
160	0.001705	0.001688
161	0.001714	0.001709
162	0.001729	0.001721
163	0.001739	0.001727
164	0.001742	0.001742
165	0.001749	0.001757
166	0.001753	0.001774
167	0.001757	0.001788
168	0.001768	0.001802
169	0.001773	0.001811
170	0.001777	0.001823
171	0.001786	0.001844
172	0.001795	0.001863
173	0.001795	0.001875
174	0.001786	0.001897
175	0.001780	0.001921
176	0.001782	0.001943
177	0.001784	0.001971
178	0.001792	0.002004
179	0.001804	0.002041
180	0.001810	0.002070
181	0.001818	0.002099
182	0.001831	0.002128
183	0.001852	0.002152
184	0.001871	0.002180
185	0.001885	0.002202
186	0.001891	0.002231
187	0.001891	0.002253
188	0.001886	0.002279
189	0.001880	0.002300
190	0.001880	0.002319
191	0.001883	0.002335
192	0.001877	0.002356
193	0.001868	0.002371
194	0.001865	0.002397
195	0.001870	0.002417
196	0.001876	0.002431
197	0.001882	0.002447
198	0.001891	0.002463
199	0.001909	0.002480
200	0.001929	0.002492
201	0.001957	0.002500
202	0.001981	0.002516
203	0.002002	0.002526
204	0.002019	0.002539
205	0.002042	0.002563
206	0.002060	0.002581
207	0.002083	0.002602
208	0.002110	0.002619
209	0.002130	0.002634
210	0.002148	0.002652
211	0.002169	0.002665
212	0.002193	0.002669
213	0.002214	0.002670
214	0.002240	0.002671
215	0.002267	0.002670
216	0.002295	0.002670
217	0.002318	0.002672
218	0.002345	0.002682
219	0.002371	0.002697
220	0.002399	0.002706
221	0.002423	0.002711
222	0.002452	0.002724
223	0.002474	0.002732
224	0.002495	0.002739
225	0.002508	0.002745
226	0.002520	0.002760
227	0.002540	0.002779
228	0.002569	0.002795
229	0.002602	0.002806
230	0.002636	0.002822
231	0.002664	0.002835
232	0.002700	0.002843
233	0.002727	0.002849
234	0.002746	0.002860
235	0.002772	0.002871
236	0.002802	0.002886
237	0.002834	0.002895
238	0.002864	0.002904
239	0.002901	0.002919
240	0.002933	0.002941
241	0.002969	0.002971
242	0.003009	0.003006
243	0.003039	0.003044
244	0.003076	0.003084
245	0.003111	0.003129
246	0.003137	0.003174
247	0.003167	0.003220
248	0.003205	0.003256
249	0.003247	0.003297
250	0.003283	0.003347
251	0.003324	0.003401
252	0.003370	0.003461
253	0.003413	0.003519
254	0.003449	0.003571
255	0.003495	0.003617
256	0.003535	0.003662
257	0.003567	0.003712
258	0.003596	0.003768
259	0.003624	0.003817
260	0.003658	0.003861
261	0.003696	0.003912
262	0.003729	0.003971
263	0.003771	0.004026
264	0.003822	0.004076
265	0.003866	0.004130
266	0.003906	0.004178
267	0.003954	0.004232
268	0.003996	0.004280
269	0.004033	0.004323
270	0.004068	0.004362
271	0.004104	0.004397
272	0.004150	0.004433
273	0.004191	0.004473
274	0.004237	0.004508
275	0.004281	0.004549
276	0.004324	0.004591
277	0.004366	0.004644
278	0.004402	0.004701
279	0.004445	0.004756
280	0.004498	0.004805
281	0.004545	0.004862
282	0.004596	0.004917
283	0.004644	0.004963
284	0.004686	0.005017
285	0.004739	0.005072
286	0.004796	0.005129
287	0.004864	0.005189
288	0.004926	0.005252
289	0.004994	0.005311
290	0.005070	0.005379
291	0.005144	0.005440
292	0.005230	0.005498
293	0.005325	0.005564
294	0.005413	0.005626
295	0.005498	0.005691
296	0.005583	0.005750
297	0.005667	0.005810
298	0.005750	0.005863
299	0.005842	0.005920
300	0.005927	0.005981
301	0.006006	0.006048
302	0.006083	0.006124
303	0.006159	0.006212
304	0.006231	0.006300
305	0.006302	0.006383
306	0.006368	0.006459
307	0.006431	0.006541
308	0.006495	0.006619
309	0.006558	0.006690
310	0.006626	0.006765
311	0.006699	0.006844
312	0.006783	0.006918
313	0.006863	0.007002
314	0.006945	0.007086
315	0.007038	0.007181
316	0.007137	0.007282
317	0.007237	0.007394
318	0.007349	0.007499
319	0.007461	0.007611
320	0.007583	0.007720
321	0.007700	0.007835
322	0.007819	0.007963
323	0.007933	0.008092
324	0.008048	0.008230
325	0.008165	0.008371
326	0.008276	0.008508
327	0.008384	0.008638
328	0.008502	0.008762
329	0.008622	0.008886
330	0.008741	0.009013
331	0.008873	0.009139
332	0.009004	0.009260
333	0.009130	0.009382
334	0.009252	0.009504
335	0.009375	0.009629
336	0.009497	0.009766
337	0.009630	0.009909
338	0.009776	0.010058
339	0.009925	0.010203
340	0.010078	0.010349
341	0.010235	0.010507
342	0.010404	0.010671
343	0.010578	0.010843
344	0.010748	0.011025
345	0.010917	0.011202
346	0.011086	0.011382
347	0.011259	0.011560
348	0.011438	0.011746
349	0.011611	0.011937
350	0.011779	0.012137
351	0.011954	0.012340
352	0.012124	0.012543
353	0.012306	0.012753
354	0.012498	0.012977
355	0.012691	0.013205
356	0.012886	0.013434
357	0.013094	0.013675
358	0.013307	0.013917
359	0.013519	0.014166
360	0.013737	0.014424
361	0.013952	0.014684
362	0.014175	0.014940
363	0.014406	0.015204
364	0.014635	0.015468
365	0.014859	0.015742
366	0.015082	0.016016
367	0.015309	0.016299
368	0.015540	0.016582
369	0.015768	0.016871
370	0.015992	0.017159
371	0.016220	0.017453
372	0.016452	0.017752
373	0.016695	0.018057
374	0.016934	0.018357
375	0.017182	0.018655
376	0.017435	0.018963
377	0.017698	0.019285
378	0.017966	0.019605
379	0.018238	0.019933
380	0.018511	0.020270
381	0.018778	0.020612
382	0.019044	0.020962
383	0.019320	0.021318
384	0.019594	0.021683
385	0.019879	0.022044
386	0.020170	0.022406
387	0.020470	0.022771
388	0.020782	0.023133
389	0.021090	0.023504
390	0.021407	0.023871
391	0.021735	0.024251
392	0.022072	0.024633
393	0.022414	0.025023
394	0.022754	0.025415
395	0.023092	0.025803
396	0.023432	0.026200
397	0.023773	0.026595
398	0.024122	0.026999
399	0.024473	0.027402
400	0.024822	0.027819
401	0.025169	0.028236
402	0.025524	0.028665
403	0.025891	0.029090
404	0.026266	0.029523
405	0.026648	0.029952
406	0.027042	0.030387
407	0.027448	0.030828
408	0.027852	0.031279
409	0.028254	0.031734
410	0.028658	0.032195
411	0.029060	0.032657
412	0.029467	0.033114
413	0.029880	0.033578
414	0.030304	0.034042
415	0.030726	0.034504
416	0.031151	0.034963
417	0.031569	0.035428
418	0.031993	0.035891
419	0.032427	0.036347
420	0.032855	0.036807
421	0.033278	0.037274
422	0.033700	0.037735
423	0.034130	0.038191
424	0.034565	0.038653
425	0.034996	0.039111
426	0.035429	0.039564
427	0.035858	0.040022
428	0.036284	0.040474
429	0.036711	0.040919
430	0.037133	0.041360
431	0.037555	0.041811
432	0.037978	0.042268
433	0.038393	0.042726
434	0.038808	0.043182
435	0.039231	0.043630
436	0.039659	0.044082
437	0.040092	0.044526
438	0.040520	0.044964
439	0.040955	0.045406
440	0.041396	0.045837
441	0.041829	0.046263
442	0.042250	0.046688
443	0.042672	0.047110
444	0.043091	0.047528
445	0.043512	0.047938
446	0.043922	0.048352
447	0.044333	0.048757
448	0.044745	0.049164
449	0.045146	0.049574
450	0.045551	0.049978
451	0.045944	0.050370
452	0.046327	0.050764
453	0.046696	0.051161
454	0.047063	0.051554
455	0.047426	0.051934
456	0.047780	0.052310
457	0.048139	0.052686
458	0.048489	0.053054
459	0.048837	0.053420
460	0.049187	0.053787
461	0.049534	0.054146
462	0.049876	0.054491
463	0.050219	0.054826
464	0.050547	0.055153
465	0.050872	0.055482
466	0.051182	0.055813
467	0.051489	0.056143
468	0.051792	0.056462
469	0.052094	0.056779
470	0.052393	0.057083
471	0.052689	0.057378
472	0.052972	0.057657
473	0.053245	0.057933
474	0.053507	0.058200
475	0.053757	0.058451
476	0.053999	0.058690
477	0.054229	0.058929
478	0.054444	0.059151
479	0.054651	0.059358
480	0.054840	0.059551
481	0.055015	0.059730
482	0.055190	0.059892
483	0.055353	0.060054
484	0.055511	0.060208
485	0.055665	0.060348
486	0.055812	0.060476
487	0.055950	0.060595
488	0.056071	0.060711
489	0.056179	0.060824
490	0.056286	0.060928
491	0.056389	0.061024
492	0.056482	0.061110
493	0.056567	0.061196
494	0.056634	0.061277
495	0.056701	0.061339
496	0.056753	0.061384
497	0.056790	0.061413
498	0.056810	0.061426
499	0.056823	0.061431
500	0.056833	0.061432
501	0.056828	0.061421
502	0.056819	0.061401
503	0.056799	0.061374
504	0.056768	0.061347
505	0.056727	0.061314
506	0.056672	0.061270
507	0.056615	0.061210
508	0.056544	0.061146
509	0.056461	0.061073
510	0.056370	0.060986
511	0.056268	0.060888
512	0.056159	0.060785
513	0.056048	0.060677
514	0.055924	0.060564
515	0.055791	0.060442
516	0.055657	0.060305
517	0.055518	0.060164
518	0.055369	0.060017
519	0.055213	0.059855
520	0.055054	0.059691
521	0.054885	0.059512
522	0.054703	0.059315
523	0.054518	0.059107
524	0.054331	0.058890
525	0.054142	0.058660
526	0.053948	0.058420
527	0.053738	0.058166
528	0.053528	0.057901
529	0.053302	0.057638
530	0.053068	0.057360
531	0.052824	0.057079
532	0.052570	0.056787
533	0.052319	0.056480
534	0.052055	0.056173
535	0.051789	0.055862
536	0.051521	0.055553
537	0.051237	0.055230
538	0.050945	0.054893
539	0.050647	0.054556
540	0.050336	0.054208
541	0.050020	0.053851
542	0.049699	0.053494
543	0.049365	0.053136
544	0.049029	0.052771
545	0.048688	0.052395
546	0.048350	0.052007
547	0.048005	0.051622
548	0.047664	0.051228
549	0.047311	0.050829
550	0.046945	0.050418
551	0.046567	0.050010
552	0.046193	0.049605
553	0.045823	0.049189
554	0.045457	0.048767
555	0.045089	0.048339
556	0.044722	0.047900
557	0.044358	0.047450
558	0.043997	0.046993
559	0.043635	0.046542
560	0.043263	0.046087
561	0.042889	0.045625
562	0.042505	0.045168
563	0.042112	0.044720
564	0.041716	0.044280
565	0.041310	0.043834
566	0.040894	0.043386
567	0.040472	0.042932
568	0.040045	0.042487
569	0.039614	0.042032
570	0.039180	0.041573
571	0.038741	0.041120
572	0.038310	0.040659
573	0.037876	0.040191
574	0.037450	0.039727
575	0.037017	0.039273
576	0.036576	0.038829
577	0.036144	0.038389
578	0.035715	0.037943
579	0.035278	0.037490
580	0.034838	0.037048
581	0.034397	0.036600
582	0.033954	0.036152
583	0.033510	0.035709
584	0.033069	0.035270
585	0.032637	0.034835
586	0.032205	0.034394
587	0.031767	0.033948
588	0.031325	0.033501
589	0.030895	0.033055
590	0.030462	0.032605
591	0.030025	0.032150
592	0.029595	0.031696
593	0.029166	0.031235
594	0.028731	0.030776
595	0.028296	0.030318
596	0.027864	0.029862
597	0.027439	0.029414
598	0.027015	0.028976
599	0.026592	0.028534
600	0.026175	0.028105
601	0.025771	0.027674
602	0.025366	0.027240
603	0.024962	0.026801
604	0.024561	0.026367
605	0.024164	0.025934
606	0.023770	0.025509
607	0.023390	0.025093
608	0.023017	0.024675
609	0.022649	0.024260
610	0.022290	0.023855
611	0.021928	0.023462
612	0.021572	0.023069
613	0.021211	0.022689
614	0.020864	0.022322
615	0.020528	0.021960
616	0.020199	0.021604
617	0.019878	0.021261
618	0.019569	0.020931
619	0.019263	0.020599
620	0.018960	0.020268
621	0.018670	0.019932
622	0.018389	0.019611
623	0.018105	0.019303
624	0.017822	0.018998
625	0.017537	0.018702
626	0.017258	0.018404
627	0.016980	0.018109
628	0.016703	0.017811
629	0.016421	0.017519
630	0.016153	0.017226
631	0.015896	0.016948
632	0.015650	0.016677
633	0.015409	0.016413
634	0.015176	0.016158
635	0.014939	0.015899
636	0.014696	0.015639
637	0.014451	0.015376
638	0.014200	0.015121
639	0.013947	0.014867
640	0.013707	0.014616
641	0.013471	0.014367
642	0.013244	0.014124
643	0.013024	0.013893
644	0.012807	0.013659
645	0.012590	0.013433
646	0.012380	0.013211
647	0.012165	0.012988
648	0.011960	0.012769
649	0.011755	0.012558
650	0.011555	0.012352
651	0.011365	0.012148
652	0.011175	0.011951
653	0.010988	0.011767
654	0.010798	0.011585
655	0.010618	0.011410
656	0.010431	0.011232
657	0.010251	0.011056
658	0.010070	0.010889
659	0.009899	0.010724
660	0.009723	0.010567
661	0.009544	0.010408
662	0.009366	0.010259
663	0.009187	0.010109
664	0.009018	0.009958
665	0.008859	0.009813
666	0.008710	0.009672
667	0.008559	0.009538
668	0.008411	0.009404
669	0.008270	0.009278
670	0.008129	0.009159
671	0.007998	0.009046
672	0.007876	0.008935
673	0.007752	0.008829
674	0.007638	0.008720
675	0.007534	0.008608
676	0.007430	0.008490
677	0.007333	0.008368
678	0.007235	0.008256
679	0.007132	0.008139
680	0.007033	0.008021
681	0.006943	0.007897
682	0.006857	0.007777
683	0.006781	0.007654
684	0.006713	0.007526
685	0.006655	0.007405
686	0.006592	0.007282
687	0.006535	0.007167
688	0.006477	0.007048
689	0.006418	0.006940
690	0.006351	0.006831
691	0.006284	0.006720
692	0.006216	0.006610
693	0.006144	0.006496
694	0.006069	0.006389
695	0.006006	0.006281
696	0.005942	0.006184
697	0.005880	0.006096
698	0.005829	0.006001
699	0.005773	0.005906
700	0.005711	0.005818
701	0.005641	0.005725
702	0.005581	0.005630
703	0.005521	0.005540
704	0.005465	0.005448
705	0.005412	0.005362
706	0.005352	0.005281
707	0.005285	0.005211
708	0.005212	0.005140
709	0.005134	0.005067
710	0.005061	0.004992
711	0.004986	0.004913
712	0.004922	0.004825
713	0.004849	0.004745
714	0.004774	0.004675
715	0.004705	0.004600
716	0.004633	0.004523
717	0.004565	0.004453
718	0.004499	0.004377
719	0.004432	0.004294
720	0.004373	0.004205
721	0.004322	0.004126
722	0.004279	0.004056
723	0.004235	0.003993
724	0.004185	0.003922
725	0.004134	0.003851
726	0.004088	0.003785
727	0.004048	0.003726
728	0.004012	0.003669
729	0.003979	0.003619
730	0.003937	0.003576
731	0.003892	0.003532
732	0.003842	0.003482
733	0.003791	0.003441
734	0.003732	0.003405
735	0.003682	0.003374
736	0.003638	0.003352
737	0.003602	0.003334
738	0.003568	0.003320
739	0.003541	0.003301
740	0.003519	0.003286
741	0.003498	0.003266
742	0.003469	0.003245
743	0.003432	0.003220
744	0.003389	0.003199
745	0.003349	0.003182
746	0.003301	0.003158
747	0.003253	0.003143
748	0.003214	0.003123
749	0.003183	0.003110
750	0.003158	0.003089
751	0.003142	0.003073
752	0.003128	0.003059
753	0.003110	0.003053
754	0.003084	0.003039
755	0.003066	0.003018
756	0.003047	0.003003
757	0.003023	0.002988
758	0.003005	0.002972
759	0.002980	0.002952
760	0.002946	0.002923
761	0.002906	0.002899
762	0.002871	0.002866
763	0.002832	0.002838
764	0.002795	0.002812
765	0.002761	0.002781
766	0.002719	0.002748
767	0.002686	0.002717
768	0.002653	0.002689
769	0.002624	0.002656
770	0.002594	0.002625
771	0.002562	0.002597
772	0.002521	0.002574
773	0.002476	0.002555
774	0.002439	0.002544
775	0.002410	0.002530
776	0.002374	0.002525
777	0.002328	0.002513
778	0.002287	0.002507
779	0.002245	0.002499
780	0.002205	0.002489
781	0.002168	0.002471
782	0.002135	0.002459
783	0.002100	0.002450
784	0.002071	0.002437
785	0.002048	0.002417
786	0.002031	0.002394
787	0.002004	0.002368
788	0.001986	0.002349
789	0.001972	0.002329
790	0.001963	0.002317
791	0.001960	0.002310
792	0.001964	0.002311
793	0.001970	0.002302
794	0.001973	0.002299
795	0.001968	0.002288
796	0.001955	0.002269
797	0.001949	0.002258
798	0.001943	0.002256
799	0.001930	0.002250
800	0.001916	0.002243
801	0.001906	0.002230
802	0.001893	0.002213
803	0.001874	0.002204
804	0.001850	0.002193
805	0.001821	0.002174
806	0.001798	0.002147
807	0.001781	0.002115
808	0.001759	0.002089
809	0.001736	0.002066
810	0.001716	0.002045
811	0.001699	0.002029
812	0.001682	0.002020
813	0.001671	0.002014
814	0.001667	0.002001
815	0.001662	0.001980
816	0.001650	0.001957
817	0.001640	0.001932
818	0.001625	0.001908
819	0.001617	0.001892
820	0.001617	0.001878
821	0.001618	0.001859
822	0.001618	0.001847
823	0.001620	0.001837
824	0.001614	0.001832
825	0.001606	0.001820
826	0.001603	0.001816
827	0.001606	0.001806
828	0.001614	0.001794
829	0.001621	0.001786
830	0.001634	0.001782
831	0.001637	0.001771
832	0.001640	0.001750
833	0.001644	0.001735
834	0.001651	0.001724
835	0.001655	0.001716
836	0.001665	0.001710
837	0.001675	0.001694
838	0.001687	0.001677
839	0.001693	0.001652
840	0.001694	0.001632
841	0.001699	0.001616
842	0.001712	0.001590
843	0.001723	0.001566
844	0.001732	0.001544
845	0.001738	0.001530
846	0.001737	0.001509
847	0.001730	0.001486
848	0.001718	0.001464
849	0.001704	0.001447
850	0.001688	0.001435
851	0.001673	0.001428
852	0.001663	0.001415
853	0.001658	0.001410
854	0.001645	0.001402
855	0.001625	0.001400
856	0.001608	0.001394
857	0.001588	0.001394
858	0.001567	0.001392
859	0.001540	0.001395
860	0.001517	0.001402
861	0.001501	0.001409
862	0.001495	0.001420
863	0.001487	0.001424
864	0.001486	0.001420
865	0.001475	0.001420
866	0.001464	0.001416
867	0.001455	0.001412
868	0.001444	0.001401
869	0.001434	0.001386
870	0.001419	0.001371
871	0.001410	0.001358
872	0.001400	0.001352
873	0.001388	0.001339
874	0.001383	0.001332
875	0.001380	0.001325
876	0.001369	0.001321
877	0.001356	0.001315
878	0.001344	0.001301
879	0.001326	0.001292
880	0.001309	0.001281
881	0.001295	0.001265
882	0.001286	0.001256
883	0.001269	0.001244
884	0.001254	0.001225
885	0.001244	0.001207
886	0.001225	0.001196
887	0.001213	0.001186
888	0.001205	0.001176
889	0.001193	0.001160
890	0.001186	0.001146
891	0.001174	0.001139
892	0.001159	0.001138
893	0.001152	0.001141
894	0.001144	0.001150
895	0.001132	0.001154
896	0.001118	0.001165
897	0.001111	0.001168
898	0.001101	0.001164
899	0.001089	0.001169
900	0.001076	0.001165
901	0.001071	0.001154
902	0.001071	0.001147
903	0.001064	0.001144
904	0.001065	0.001141
905	0.001059	0.001139
906	0.001052	0.001142
907	0.001047	0.001146
908	0.001036	0.001154
909	0.001027	0.001166
910	0.001024	0.001182
911	0.001024	0.001207
912	0.001033	0.001231
913	0.001043	0.001257
914	0.001054	0.001282
915	0.001063	0.001299
916	0.001066	0.001311
917	0.001074	0.001321
918	0.001075	0.001324
919	0.001077	0.001320
920	0.001080	0.001310
921	0.001090	0.001307
922	0.001096	0.001297
923	0.001109	0.001290
924	0.001116	0.001286
925	0.001121	0.001283
926	0.001124	0.001273
927	0.001126	0.001258
928	0.001133	0.001242
929	0.001146	0.001218
930	0.001151	0.001194
931	0.001157	0.001163
932	0.001163	0.001130
933	0.001168	0.001094
934	0.001171	0.001060
935	0.001179	0.001035
936	0.001192	0.001019
937	0.001198	0.001003
938	0.001197	0.000978
939	0.001199	0.000959
940	0.001200	0.000935
941	0.001198	0.000919
942	0.001191	0.000907
943	0.001177	0.000898
944	0.001170	0.000894
945	0.001159	0.000896
946	0.001157	0.000903
947	0.001151	0.000914
948	0.001138	0.000921
949	0.001134	0.000928
950	0.001132	0.000934
951	0.001129	0.000941
952	0.001120	0.000941
953	0.001107	0.000939
954	0.001090	0.000930
955	0.001073	0.000927
956	0.001063	0.000925
957	0.001050	0.000928
958	0.001036	0.000936
959	0.001027	0.000942
960	0.001013	0.000942
961	0.000989	0.000949
962	0.000969	0.000948
963	0.000948	0.000942
964	0.000931	0.000939
965	0.000907	0.000933
966	0.000890	0.000920
967	0.000870	0.000909
968	0.000858	0.000906
969	0.000838	0.000904
970	0.000813	0.000897
971	0.000795	0.000889
972	0.000768	0.000873
973	0.000748	0.000849
974	0.000726	0.000828
975	0.000709	0.000805
976	0.000687	0.000787
977	0.000668	0.000773
978	0.000657	0.000767
979	0.000647	0.000754
980	0.000633	0.000743
981	0.000624	0.000738
982	0.000609	0.000726
983	0.000586	0.000707
984	0.000563	0.000684
985	0.000540	0.000655
986	0.000518	0.000632
987	0.000500	0.000607
988	0.000483	0.000586
989	0.000460	0.000568
990	0.000429	0.000542
991	0.000403	0.000508
992	0.000381	0.000472
993	0.000356	0.000438
994	0.000335	0.000408
995	0.000310	0.000369
996	0.000272	0.000323
997	0.000231	0.000270
998	0.000184	0.000211
999	0.000139	0.000152
1000	0.000077	0.000080
